25 28
44 44
0 1 0 1 1 0 1 0 1 1 0 1 0 1 1 0 1 0 1 1 0 1 0 1 1 
0 0 0 1 1 0 1 0 1 1 0 1 0 1 1 0 1 0 1 1 0 1 0 1 1 
1 0 0 0 0 0 1 0 1 1 0 1 0 1 1 0 1 0 1 1 0 1 0 1 1 
1 0 0 0 0 0 0 0 1 1 0 1 0 1 1 0 1 0 1 1 0 1 0 1 1 
1 0 0 0 0 0 0 0 1 1 0 1 0 1 1 0 1 0 1 1 0 1 0 1 1 
1 0 1 1 0 0 0 0 1 1 0 1 0 1 1 0 1 0 1 1 0 1 0 1 1 
1 0 1 0 0 0 0 0 1 1 0 1 0 1 1 0 1 0 1 1 0 1 0 1 1 
0 0 1 1 0 0 1 0 1 1 0 1 0 1 1 0 1 0 1 1 0 1 0 1 1 
1 0 1 0 0 0 1 0 1 1 0 1 0 1 1 0 1 0 1 1 0 1 0 1 1 
1 0 1 1 0 0 1 0 1 1 0 1 0 1 1 0 1 0 1 1 0 1 0 1 1 
1 0 0 1 0 0 1 0 1 1 0 1 0 1 1 0 1 0 1 1 0 1 0 1 1 
1 0 1 1 0 0 1 0 1 1 0 1 0 1 1 0 1 0 1 1 0 1 0 1 1 
1 0 1 0 0 0 1 0 1 1 0 1 0 1 1 0 1 0 1 1 0 1 0 1 1 
0 0 1 1 1 0 1 0 1 1 0 1 0 1 1 0 1 0 1 1 0 1 0 1 1 
1 0 1 0 0 0 1 0 1 1 0 1 0 1 1 0 1 0 1 1 0 1 0 1 1 
1 0 1 1 0 0 1 0 1 1 0 1 0 1 1 0 1 0 1 1 0 1 0 1 1 
1 0 0 1 0 0 1 0 1 1 0 1 0 1 1 0 1 0 1 1 0 1 0 1 1 
1 0 1 1 0 0 1 0 1 1 0 1 0 1 1 0 1 0 1 1 0 1 0 1 1 
1 0 1 0 0 0 1 0 1 1 0 1 0 1 1 0 1 0 1 1 0 1 0 1 1 
0 0 1 1 1 0 1 0 1 1 0 1 0 1 1 0 1 0 1 1 0 1 0 1 1 
1 0 1 0 0 0 1 0 1 1 0 1 0 1 1 0 1 0 1 1 0 1 0 1 1 
1 0 1 1 0 0 1 0 1 1 0 1 0 1 1 0 1 0 1 1 0 1 0 1 1 
1 0 1 1 0 0 1 0 1 1 0 1 0 1 1 0 1 0 1 1 0 1 0 1 1 
1 0 1 1 0 0 1 0 1 1 0 1 0 1 1 0 1 0 1 1 0 1 0 1 1 
1 0 1 1 0 0 1 0 1 1 0 1 0 1 1 0 1 0 1 1 0 1 0 1 1 
1 0 1 1 0 0 1 0 1 1 0 1 0 1 1 0 1 0 1 1 0 1 0 1 1 
1 0 1 1 0 0 1 0 1 1 0 1 0 1 1 0 1 0 1 1 0 1 0 1 1 
1 0 1 1 0 0 1 0 1 1 0 1 0 1 1 0 1 0 1 1 0 1 0 1 1 
